3,13,2,7,13,1,8,7,1,6,8,1,0,6,1,10,0,1,1,14,1,5,1,1


3,13,2,7,13,1,8,7,1,6,8,1,0,6,1,10,0,1,1,14,1


3,13,2,7,13,1,8,7,1,6,8,1,0,6,1,10,0,1
0,14,8,14,9,14,10,14,11,14,12,14
6
3,13,2,7,13,1,8,7,1,6,8,1,0,6,1,10,0,1,0,14,2,4,0,1,11,0,1,11,14,1
11,3
11,3
2
3,13,2,7,13,1,8,7,1,6,8,1,0,6,1,10,0,1,0,14,2,4,0,1,11,0,1,11,14,1,11,3,1,4,11,1


3,13,2,7,13,1,8,7,1,6,8,1,0,6,1,10,0,1,0,14,2,4,0,1,11,0,1,11,14,1,11,3,1
11,4
11,4
3
3,13,2,7,13,1,8,7,1,6,8,1,0,6,1,10,0,1,0,14,2,4,0,1,11,0,1,11,14,1,11,3,1,11,4,1,0,11,3,0,3,1,1,0,1,5,1,1


3,13,2,7,13,1,8,7,1,6,8,1,0,6,1,10,0,1,0,14,2,4,0,1,11,0,1,11,14,1,11,3,1,11,4,1,0,11,3,0,3,1,1,0,1


3,13,2,7,13,1,8,7,1,6,8,1,0,6,1,10,0,1,0,14,2,4,0,1,11,0,1,11,14,1,11,3,1,11,4,1,0,11,3,0,3,1
8,0,9,0,10,0,12,0
4
3,13,2,7,13,1,8,7,1,6,8,1,0,6,1,10,0,1,0,14,2,4,0,1,11,0,1,11,14,1,11,3,1,11,4,1,0,11,3,0,3,1,4,0,2


1
3,13,2,7,13,1,8,7,1,6,8,1,0,6,1,10,0,1,0,14,2,4,0,1,11,0,1,11,14,1,11,3,1,11,4,1,0,11,3

3,0
grow up to soon
3,13,2,7,13,1,8,7,1,6,8,1,0,6,1,10,0,1,0,14,2,4,0,1,11,0,1,11,14,1,11,3,1,11,4,1
8,11,9,11,10,11,12,11
13
3,13,2,7,13,1,8,7,1,6,8,1,0,6,1,10,0,1,0,14,2,4,0,1,11,0,1,11,14,1,11,3,1,11,4,1,1,11,1,5,1,1


3,13,2,7,13,1,8,7,1,6,8,1,0,6,1,10,0,1,0,14,2,4,0,1,11,0,1,11,14,1,11,3,1,11,4,1,1,11,1


3
3,13,2,7,13,1,8,7,1,6,8,1,0,6,1,10,0,1,0,14,2,4,0,1,11,0,1,11,14,1,11,3,1,11,4,1,4,11,2


2
3,13,2,7,13,1,8,7,1,6,8,1,0,6,1,10,0,1,0,14,2,4,0,1,11,0,1,11,14,1,11,3,1,11,4,1,8,11,2,1,8,1,5,1,1,9,8,1,10,11,1,9,10,1,9,5,1,6,9,2,5,6,2

5,3
2
3,13,2,7,13,1,8,7,1,6,8,1,0,6,1,10,0,1,0,14,2,4,0,1,11,0,1,11,14,1,11,3,1,11,4,1,8,11,2,1,8,1,5,1,1,9,8,1,10,11,1,9,10,1,9,5,1,6,9,2,5,6,2,5,3,1,7,5,2,12,5,1,12,13,1,4,12,2


3,13,2,7,13,1,8,7,1,6,8,1,0,6,1,10,0,1,0,14,2,4,0,1,11,0,1,11,14,1,11,3,1,11,4,1,8,11,2,1,8,1,5,1,1,9,8,1,10,11,1,9,10,1,9,5,1,6,9,2,5,6,2,5,3,1,7,5,2,12,5,1,12,13,1


3,13,2,7,13,1,8,7,1,6,8,1,0,6,1,10,0,1,0,14,2,4,0,1,11,0,1,11,14,1,11,3,1,11,4,1,8,11,2,1,8,1,5,1,1,9,8,1,10,11,1,9,10,1,9,5,1,6,9,2,5,6,2,5,3,1,7,5,2,12,5,1


3,13,2,7,13,1,8,7,1,6,8,1,0,6,1,10,0,1,0,14,2,4,0,1,11,0,1,11,14,1,11,3,1,11,4,1,8,11,2,1,8,1,5,1,1,9,8,1,10,11,1,9,10,1,9,5,1,6,9,2,5,6,2,5,3,1,7,5,2


3,13,2,7,13,1,8,7,1,6,8,1,0,6,1,10,0,1,0,14,2,4,0,1,11,0,1,11,14,1,11,3,1,11,4,1,8,11,2,1,8,1,5,1,1,9,8,1,10,11,1,9,10,1,9,5,1,6,9,2,5,6,2,5,3,1

12,5
4
3,13,2,7,13,1,8,7,1,6,8,1,0,6,1,10,0,1,0,14,2,4,0,1,11,0,1,11,14,1,11,3,1,11,4,1,8,11,2,1,8,1,5,1,1,9,8,1,10,11,1,9,10,1,9,5,1,6,9,2,5,6,2,5,3,1,12,5,1,7,5,2,12,13,1,4,12,2


3,13,2,7,13,1,8,7,1,6,8,1,0,6,1,10,0,1,0,14,2,4,0,1,11,0,1,11,14,1,11,3,1,11,4,1,8,11,2,1,8,1,5,1,1,9,8,1,10,11,1,9,10,1,9,5,1,6,9,2,5,6,2,5,3,1,12,5,1,7,5,2,12,13,1


3,13,2,7,13,1,8,7,1,6,8,1,0,6,1,10,0,1,0,14,2,4,0,1,11,0,1,11,14,1,11,3,1,11,4,1,8,11,2,1,8,1,5,1,1,9,8,1,10,11,1,9,10,1,9,5,1,6,9,2,5,6,2,5,3,1,12,5,1,7,5,2


3,13,2,7,13,1,8,7,1,6,8,1,0,6,1,10,0,1,0,14,2,4,0,1,11,0,1,11,14,1,11,3,1,11,4,1,8,11,2,1,8,1,5,1,1,9,8,1,10,11,1,9,10,1,9,5,1,6,9,2,5,6,2,5,3,1,12,5,1


3,13,2,7,13,1,8,7,1,6,8,1,0,6,1,10,0,1,0,14,2,4,0,1,11,0,1,11,14,1,11,3,1,11,4,1,8,11,2,1,8,1,5,1,1,9,8,1,10,11,1,9,10,1,9,5,1,6,9,2


3,13,2,7,13,1,8,7,1,6,8,1,0,6,1,10,0,1,0,14,2,4,0,1,11,0,1,11,14,1,11,3,1,11,4,1,8,11,2,1,8,1,5,1,1,9,8,1,10,11,1,9,10,1,9,5,1


3,13,2,7,13,1,8,7,1,6,8,1,0,6,1,10,0,1,0,14,2,4,0,1,11,0,1,11,14,1,11,3,1,11,4,1,8,11,2,1,8,1,5,1,1,9,8,1,10,11,1,9,10,1
5,9
5,9
5
3,13,2,7,13,1,8,7,1,6,8,1,0,6,1,10,0,1,0,14,2,4,0,1,11,0,1,11,14,1,11,3,1,11,4,1,8,11,2,1,8,1,5,1,1,9,8,1,10,11,1,9,10,1,5,9,1
5,3
5,3
2
3,13,2,7,13,1,8,7,1,6,8,1,0,6,1,10,0,1,0,14,2,4,0,1,11,0,1,11,14,1,11,3,1,11,4,1,8,11,2,1,8,1,5,1,1,9,8,1,10,11,1,9,10,1,5,9,1,5,3,1,7,5,2,9,7,2,12,5,1,6,9,2,12,13,1,4,12,2


3,13,2,7,13,1,8,7,1,6,8,1,0,6,1,10,0,1,0,14,2,4,0,1,11,0,1,11,14,1,11,3,1,11,4,1,8,11,2,1,8,1,5,1,1,9,8,1,10,11,1,9,10,1,5,9,1,5,3,1,7,5,2,9,7,2,12,5,1,6,9,2,12,13,1


3,13,2,7,13,1,8,7,1,6,8,1,0,6,1,10,0,1,0,14,2,4,0,1,11,0,1,11,14,1,11,3,1,11,4,1,8,11,2,1,8,1,5,1,1,9,8,1,10,11,1,9,10,1,5,9,1,5,3,1,7,5,2,9,7,2,12,5,1,6,9,2


3,13,2,7,13,1,8,7,1,6,8,1,0,6,1,10,0,1,0,14,2,4,0,1,11,0,1,11,14,1,11,3,1,11,4,1,8,11,2,1,8,1,5,1,1,9,8,1,10,11,1,9,10,1,5,9,1,5,3,1,7,5,2,9,7,2,12,5,1


3,13,2,7,13,1,8,7,1,6,8,1,0,6,1,10,0,1,0,14,2,4,0,1,11,0,1,11,14,1,11,3,1,11,4,1,8,11,2,1,8,1,5,1,1,9,8,1,10,11,1,9,10,1,5,9,1,5,3,1,7,5,2,9,7,2


3,13,2,7,13,1,8,7,1,6,8,1,0,6,1,10,0,1,0,14,2,4,0,1,11,0,1,11,14,1,11,3,1,11,4,1,8,11,2,1,8,1,5,1,1,9,8,1,10,11,1,9,10,1,5,9,1,5,3,1,7,5,2
7,9
7,9
3
3,13,2,7,13,1,8,7,1,6,8,1,0,6,1,10,0,1,0,14,2,4,0,1,11,0,1,11,14,1,11,3,1,11,4,1,8,11,2,1,8,1,5,1,1,9,8,1,10,11,1,9,10,1,5,9,1,5,3,1,7,5,2,7,9,1,2,7,1,12,5,1,12,13,1,4,12,2,4,14,1,4,2,1
8,4,9,4,10,4,12,4
5
3,13,2,7,13,1,8,7,1,6,8,1,0,6,1,10,0,1,0,14,2,4,0,1,11,0,1,11,14,1,11,3,1,11,4,1,8,11,2,1,8,1,5,1,1,9,8,1,10,11,1,9,10,1,5,9,1,5,3,1,7,5,2,7,9,1,2,7,1,12,5,1,12,13,1,4,12,2,4,14,1,4,2,1,0,4,3,3,0,3,2,3,2


3,13,2,7,13,1,8,7,1,6,8,1,0,6,1,10,0,1,0,14,2,4,0,1,11,0,1,11,14,1,11,3,1,11,4,1,8,11,2,1,8,1,5,1,1,9,8,1,10,11,1,9,10,1,5,9,1,5,3,1,7,5,2,7,9,1,2,7,1,12,5,1,12,13,1,4,12,2,4,14,1,4,2,1,0,4,3,3,0,3


3,13,2,7,13,1,8,7,1,6,8,1,0,6,1,10,0,1,0,14,2,4,0,1,11,0,1,11,14,1,11,3,1,11,4,1,8,11,2,1,8,1,5,1,1,9,8,1,10,11,1,9,10,1,5,9,1,5,3,1,7,5,2,7,9,1,2,7,1,12,5,1,12,13,1,4,12,2,4,14,1,4,2,1,0,4,3


4
3,13,2,7,13,1,8,7,1,6,8,1,0,6,1,10,0,1,0,14,2,4,0,1,11,0,1,11,14,1,11,3,1,11,4,1,8,11,2,1,8,1,5,1,1,9,8,1,10,11,1,9,10,1,5,9,1,5,3,1,7,5,2,7,9,1,2,7,1,12,5,1,12,13,1,4,12,2,4,14,1,4,2,1,1,4,2,10,4,2,2,10,2


3,13,2,7,13,1,8,7,1,6,8,1,0,6,1,10,0,1,0,14,2,4,0,1,11,0,1,11,14,1,11,3,1,11,4,1,8,11,2,1,8,1,5,1,1,9,8,1,10,11,1,9,10,1,5,9,1,5,3,1,7,5,2,7,9,1,2,7,1,12,5,1,12,13,1,4,12,2,4,14,1,4,2,1,1,4,2,10,4,2


3,13,2,7,13,1,8,7,1,6,8,1,0,6,1,10,0,1,0,14,2,4,0,1,11,0,1,11,14,1,11,3,1,11,4,1,8,11,2,1,8,1,5,1,1,9,8,1,10,11,1,9,10,1,5,9,1,5,3,1,7,5,2,7,9,1,2,7,1,12,5,1,12,13,1,4,12,2,4,14,1,4,2,1,1,4,2


2
3,13,2,7,13,1,8,7,1,6,8,1,0,6,1,10,0,1,0,14,2,4,0,1,11,0,1,11,14,1,11,3,1,11,4,1,8,11,2,1,8,1,5,1,1,9,8,1,10,11,1,9,10,1,5,9,1,5,3,1,7,5,2,7,9,1,2,7,1,12,5,1,12,13,1,4,12,2,4,14,1,4,2,1,2,4,2


1
3,13,2,7,13,1,8,7,1,6,8,1,0,6,1,10,0,1,0,14,2,4,0,1,11,0,1,11,14,1,11,3,1,11,4,1,8,11,2,1,8,1,5,1,1,9,8,1,10,11,1,9,10,1,5,9,1,5,3,1,7,5,2,7,9,1,2,7,1,12,5,1,12,13,1,4,12,2,4,14,1,4,2,1,3,4,3,2,3,2


3,13,2,7,13,1,8,7,1,6,8,1,0,6,1,10,0,1,0,14,2,4,0,1,11,0,1,11,14,1,11,3,1,11,4,1,8,11,2,1,8,1,5,1,1,9,8,1,10,11,1,9,10,1,5,9,1,5,3,1,7,5,2,7,9,1,2,7,1,12,5,1,12,13,1,4,12,2,4,14,1,4,2,1,3,4,3


2